image: level3.pgm
resolution: 0.11000
origin: [0.000000, 0.000000, 0.000000]
negate: 0
occupied_thresh: 0.9
free_thresh: 0.3
